 02 23 33 35 40 42 49 53 55 57 59 62 63 65 68 73 77 87 93 94 
 01 02 14 17 20 28 29 30 33 38 42 52 61 64 66 81 84 88 97 00 
 02 04 07 10 12 13 21 22 25 27 41 47 53 68 75 79 81 83 86 91 
 03 04 09 13 19 28 30 31 36 58 62 71 73 74 78 89 90 95 97 98 
 02 14 16 20 22 32 33 36 42 45 54 59 60 74 75 76 80 86 87 88 
 04 16 29 30 32 40 48 50 57 66 70 80 84 85 86 92 93 94 99 00 
 03 05 16 28 30 35 36 41 49 51 53 57 58 68 69 70 72 79 93 96 
 03 06 08 20 22 25 28 35 36 43 44 50 54 61 66 70 73 86 96 97 
 01 02 11 12 29 33 37 40 48 49 50 52 53 61 70 72 75 82 96 00 
 02 04 09 24 26 44 46 52 54 55 56 62 63 65 68 84 90 91 97 98 
 02 05 09 15 19 25 31 35 41 45 47 49 50 52 55 59 66 67 83 94 
 08 13 19 22 29 32 33 45 47 49 56 57 65 70 75 82 87 89 91 99 
 01 06 14 15 22 31 41 53 54 56 62 65 67 70 71 73 75 78 81 83 
 03 05 06 08 11 12 16 23 30 32 38 39 47 54 57 64 70 71 74 76 
 02 14 20 23 24 37 38 43 49 54 71 75 76 80 87 90 93 94 98 00 
 01 07 09 10 11 15 24 50 51 52 59 60 64 75 77 78 95 98 99 00 
 01 04 07 09 12 13 19 23 32 33 43 44 48 64 78 79 82 88 89 91 
 02 10 12 16 19 46 51 52 57 64 71 72 75 80 81 82 84 88 99 00 
 05 22 30 34 35 39 44 49 55 58 68 75 76 78 84 85 88 94 95 96 
 02 05 07 14 20 23 39 44 48 50 63 64 78 80 81 82 83 90 94 00 
 04 07 08 11 15 17 19 20 24 32 36 41 43 44 46 48 60 76 78 86 
 04 05 10 13 23 24 25 29 37 40 43 44 46 49 54 56 65 93 98 99 
 09 14 20 25 26 33 35 36 49 50 55 58 59 66 71 75 76 87 94 99 
 04 17 23 25 31 36 38 40 42 52 56 59 71 78 82 83 84 92 97 98 
 05 12 15 17 39 42 43 46 51 64 65 72 75 77 82 86 87 94 97 99 
 02 04 06 08 14 16 26 29 34 54 61 64 68 71 73 77 81 93 94 96 
 07 09 15 17 26 27 30 39 43 47 51 53 54 57 73 82 89 94 97 99 
 01 04 07 09 14 17 18 22 25 30 42 48 50 52 57 59 65 70 71 96 
 04 10 11 12 16 20 24 36 48 55 59 60 64 67 72 75 79 82 88 96 
 07 10 11 16 22 31 34 36 41 45 48 49 65 78 82 83 84 86 87 94 
 07 09 12 13 22 29 35 36 37 39 41 50 52 54 57 81 87 90 92 96
 09 15 19 21 23 24 37 39 46 62 63 64 66 69 74 80 90 91 97 98
 02 13 21 32 35 38 39 49 63 65 71 73 77 78 81 88 92 93 94 98
 04 08 11 15 18 27 32 37 39 43 44 59 61 62 70 80 85 90 91 00
 01 06 08 11 12 13 20 22 23 34 36 39 53 56 60 73 86 88 92 98
 09 11 12 18 26 38 39 42 48 49 63 67 70 72 74 77 82 87 93 97
 01 04 19 28 29 31 32 38 40 42 43 46 59 64 80 84 85 86 90 99
 02 10 13 18 23 25 36 38 41 53 60 62 64 68 71 76 83 93 94 00
 08 10 22 33 36 48 49 50 52 54 58 64 66 67 71 86 89 91 98 00
 02 05 08 14 21 28 33 36 38 46 47 53 60 62 65 71 72 81 82 97
 04 05 13 14 15 22 25 34 43 51 52 54 58 60 63 76 84 88 90 97
 04 24 29 31 35 48 49 54 57 58 64 68 74 82 89 90 92 94 96 97
 10 13 17 18 24 31 32 34 39 45 48 49 58 62 64 66 71 76 88 91
 06 09 10 20 28 31 52 53 55 57 59 60 61 63 64 69 71 78 80 98
 08 14 22 26 28 31 33 35 42 43 44 49 50 52 53 64 78 89 91 96
 04 05 08 16 17 18 20 22 24 25 27 33 40 52 63 81 85 86 91 93
 03 08 15 17 18 23 24 38 39 42 53 59 69 76 77 81 86 88 91 93
 02 04 11 12 14 15 26 28 31 38 39 43 53 67 69 70 75 82 87 94
 01 04 07 09 11 23 24 30 36 37 47 51 52 56 59 65 67 75 82 95
 03 14 19 20 21 23 24 27 29 32 40 47 48 50 53 56 65 69 71 76
 02 08 13 15 25 29 32 35 39 40 42 44 50 54 61 64 65 66 71 73
 09 12 14 17 20 23 24 27 34 43 46 47 51 59 65 72 73 78 89 94
 05 09 12 14 24 29 32 41 44 54 57 66 68 72 74 76 89 90 93 94
 05 13 19 20 25 28 42 44 49 54 55 57 66 68 76 78 84 86 89 90
 01 03 04 18 23 29 30 43 48 50 57 63 73 79 80 86 87 94 95 00
 01 07 09 11 12 20 29 31 39 41 42 54 55 59 67 69 72 73 74 87
 06 31 34 36 39 43 44 45 51 52 54 62 63 64 65 69 72 78 79 84
 05 14 15 22 24 26 28 30 42 43 50 53 55 58 59 68 78 96 99 00
 11 12 16 17 20 21 22 23 24 25 27 28 39 50 52 62 73 85 92 94
 03 06 10 16 25 33 34 44 51 52 53 56 67 77 81 83 87 97 99 00
 11 12 14 21 25 26 30 35 36 46 53 56 58 60 66 69 78 85 87 00
 04 07 13 16 20 34 45 47 52 54 55 56 58 60 65 72 91 92 95 96
 05 08 12 14 17 20 24 26 29 30 42 51 59 64 70 71 76 79 92 00
 10 17 18 19 25 26 43 48 49 53 56 69 74 77 80 83 86 87 90 96
 11 23 24 25 28 29 36 38 41 42 60 74 80 85 86 88 90 95 99 00
 10 12 14 21 30 37 41 42 44 47 48 51 54 58 60 69 76 82 98 99
 02 03 04 07 08 11 16 23 25 30 34 43 49 54 64 65 67 68 81 91
 03 14 21 36 37 44 47 49 50 52 56 58 60 61 68 70 73 88 89 00
 03 14 21 41 51 55 56 63 64 77 79 81 82 84 85 89 90 91 92 96
 03 05 15 30 31 41 55 56 57 58 64 67 71 73 75 81 83 84 99 00
 01 04 08 11 13 16 19 22 27 31 38 46 47 51 61 66 69 86 90 99
01 02 03 04 05 06 07 11 18 33 37 41 49 56 57 62 67 72 82 99
02 04 05 08 09 13 19 20 21 36 46 61 76 81 87 90 91 92 93 95
07 09 10 15 18 19 21 26 29 35 39 42 48 54 58 66 69 78 88 90
06 22 25 31 32 40 41 42 46 55 56 62 68 69 72 83 86 94 98 00
13 17 33 34 37 38 39 44 50 52 56 57 62 65 66 68 76 79 91 93
09 12 25 26 29 31 35 39 45 46 51 55 58 62 70 72 73 92 96 97
02 04 08 21 24 25 26 27 31 42 45 63 64 68 78 82 86 88 95 97
01 06 24 43 47 50 56 60 68 71 75 76 78 80 82 83 85 89 97 98
02 06 13 14 18 20 25 27 38 54 59 60 61 67 68 76 77 83 86 96
05 09 13 20 23 34 41 49 57 61 65 69 72 76 79 80 84 86 92 98
03 06 09 16 18 21 26 30 35 44 56 57 62 63 65 71 79 82 90 95
03 05 07 08 13 16 18 20 24 30 36 59 60 61 62 72 75 91 94 00
07 08 10 14 20 26 33 37 40 41 42 49 51 53 62 69 75 76 97 00
04 08 09 17 19 21 24 30 34 36 58 60 61 63 66 77 82 85 90 98
01 04 06 17 23 24 33 35 46 50 55 59 70 77 79 86 88 90 98 00
01 03 04 07 10 13 16 26 30 31 33 51 59 70 73 76 82 90 92 00
04 11 12 15 16 26 32 42 43 45 46 55 56 65 67 69 75 76 79 84
05 10 11 19 20 23 25 29 34 40 42 44 51 62 65 67 84 88 93 97
05 12 14 15 17 25 27 38 44 50 51 53 65 68 71 74 78 81 87 89
02 06 08 09 11 14 29 42 46 47 60 65 71 75 76 81 82 88 90 99
07 13 18 22 23 27 30 45 48 49 50 58 60 61 73 75 76 79 82 92
08 12 17 18 31 41 44 54 74 80 82 83 84 85 87 88 90 93 95 98
04 08 09 12 17 19 21 29 40 43 57 67 73 74 80 89 93 94 96 97
11 20 31 41 44 55 60 61 64 68 69 70 74 81 83 84 85 86 90 94
14 23 27 32 33 34 39 49 51 57 61 67 77 79 81 86 93 97 99 00
01 02 03 06 09 19 22 34 39 45 47 49 68 69 81 83 85 93 98 99
02 06 10 14 15 20 25 27 28 42 46 57 61 62 70 72 74 84 90 93
04 08 10 23 29 30 39 41 50 56 64 65 71 73 80 81 84 88 95 99
01 05 10 21 22 24 32 39 41 42 49 51 63 69 70 72 81 89 91 96
05 07 08 10 17 29 32 35 42 54 56 67 68 70 80 84 85 90 98 99
01 02 04 09 11 12 17 19 27 28 32 34 42 48 52 53 54 58 66 99