08 11 14 39 48 53
30 37 45 54 57 58
10 16 27 34 36 57
33 34 37 46 52 60
02 16 19 31 43 60
20 27 35 39 50 59
02 05 10 29 34 41
14 25 28 41 43 46
06 30 35 39 42 48
06 17 25 35 40 49
28 44 52 54 58 60
03 08 30 33 35 48
02 11 43 49 52 56
01 10 17 26 30 53
06 07 28 42 45 49
03 20 26 45 49 58
03 27 39 46 47 60
03 05 09 35 43 60
13 17 28 29 42 53
09 11 29 30 33 60
09 13 26 38 58 60
16 33 38 46 53 55
03 19 28 33 57 58
07 16 22 38 55 57
12 21 29 54 56 57
03 07 17 20 48 50
18 22 25 27 43 44
17 18 35 36 47 52
09 21 37 39 43 54
02 03 19 40 44 60
13 17 21 31 41 49
20 22 35 40 41 59
01 06 21 29 36 59
06 13 26 28 35 41
09 15 20 33 41 43
01 02 10 37 42 48
06 16 18 33 42 57
12 26 31 36 37 49
05 18 36 44 57 60
06 09 34 37 38 45
02 26 35 39 40 56
02 04 06 29 41 56
09 21 30 41 42 43
01 07 10 12 33 42
04 10 12 14 36 46
04 24 37 43 59 60
12 27 30 36 45 52
14 27 35 40 50 55
28 29 31 50 58 59
05 12 14 20 27 28
08 17 34 37 43 45
10 22 23 37 53 60
05 15 18 27 49 57
02 04 25 36 50 53
08 11 17 33 40 55
15 16 20 38 40 58
02 05 11 24 41 49
06 10 27 28 41 52
14 16 38 39 41 48
01 11 14 23 29 55
04 13 23 28 30 52
20 32 33 48 49 53
10 23 31 37 58 59
14 20 23 39 46 50
02 03 08 19 29 37
09 24 33 43 49 57
07 08 14 23 30 46
07 23 26 27 29 51
12 14 34 35 37 47
20 27 41 54 56 58
01 05 07 14 23 26
18 21 30 31 34 51
09 10 30 37 47 54
15 20 39 41 49 57
04 09 24 44 47 56
31 32 33 39 52 55
01 17 30 37 46 50
05 15 22 26 54 58
27 33 39 52 57 58
04 09 31 47 49 53
09 15 20 29 30 42
01 42 44 47 48 53
05 09 24 27 33 46
11 14 15 18 33 34
03 05 11 34 37 42
14 18 28 35 38 54
05 09 18 24 25 42
01 13 18 26 40 56
07 09 10 19 25 58
07 27 31 39 45 46
11 36 45 55 57 58
11 20 27 28 53 60
07 20 38 43 45 53
14 18 30 35 55 57
04 21 27 29 42 47
04 06 32 35 41 45
07 08 31 34 38 47
04 13 25 40 53 57
07 17 26 39 56 60
06 11 29 40 41 58
09 19 23 32 39 45
06 09 12 27 32 57
02 04 07 16 30 38
01 32 37 44 46 47
16 23 32 50 52 58
02 26 40 42 49 56
13 14 29 30 48 59
05 23 34 45 56 57